0.000000000000000000e+00 7.978417638761106277e-08
1.111111111111110894e+01 4.244140518170722590e-05
2.222222222222221788e+01 2.175075846067797908e-04
3.333333333333332860e+01 2.614043361600738640e-04
4.444444444444443576e+01 3.995386745879153764e-04
5.555555555555554292e+01 4.669504303890112070e-04
6.666666666666665719e+01 3.587116205643864461e-04
7.777777777777775725e+01 3.505143878383893460e-04
8.888888888888887152e+01 2.799010039155550435e-04
9.999999999999998579e+01 2.995827244688131254e-04
1.111111111111110858e+02 2.450447288334551567e-04
1.222222222222222001e+02 2.052229754813155100e-04
1.333333333333333144e+02 2.059621465322389159e-04
1.444444444444444287e+02 1.826463392708627456e-04
1.555555555555555145e+02 1.672788709408458440e-04
1.666666666666666288e+02 1.382815374473906277e-04
1.777777777777777430e+02 1.507629637627941571e-04
1.888888888888888573e+02 1.354357309698830589e-04
1.999999999999999716e+02 1.283855672454763239e-04
2.111111111111110574e+02 1.111715128750809971e-04
2.222222222222221717e+02 1.084190651418718025e-04
2.333333333333332860e+02 1.049298479132455955e-04
2.444444444444444002e+02 9.395487263312594440e-05
2.555555555555555145e+02 8.690514742046622431e-05
2.666666666666666288e+02 8.450318748369299972e-05
2.777777777777777146e+02 8.342791965761961568e-05
2.888888888888888573e+02 7.775128909556851026e-05
2.999999999999999432e+02 7.212554754747406806e-05
3.111111111111110290e+02 7.009755964085952293e-05
3.222222222222221717e+02 6.739581046239444912e-05
3.333333333333332575e+02 6.302297524627174059e-05
3.444444444444444002e+02 5.773065179967648580e-05
3.555555555555554861e+02 2.905039204340333398e-05
3.666666666666665719e+02 6.798236374134124704e-06
3.777777777777777146e+02 3.311830838299021317e-06
3.888888888888888005e+02 2.039547540245051071e-06
3.999999999999999432e+02 1.419990765479989240e-06
4.111111111111110290e+02 9.541251793672263330e-07
4.222222222222221149e+02 6.837016286440882906e-07
4.333333333333332575e+02 4.498959441490477582e-07
4.444444444444443434e+02 3.263407191414542476e-07
4.555555555555554861e+02 2.114350209822022070e-07
4.666666666666665719e+02 1.247284306762658922e-07
4.777777777777776578e+02 6.582323137252181858e-08
4.888888888888888005e+02 2.824459500533911575e-08
4.999999999999998863e+02 9.289090020740905581e-09
5.111111111111110290e+02 2.465392281628807265e-09
5.222222222222221717e+02 1.119412894997627374e-09
5.333333333333332575e+02 5.322334843055792349e-10
5.444444444444443434e+02 2.568670667713274777e-10
5.555555555555554292e+02 1.333871359189437110e-10
5.666666666666665151e+02 5.315524999088108834e-11
5.777777777777777146e+02 2.058821850155257523e-11
5.888888888888888005e+02 1.161474339910939042e-11
5.999999999999998863e+02 2.845931319553958895e-12
6.111111111111109722e+02 3.442411531318508615e-13
6.222222222222220580e+02 0.000000000000000000e+00
6.333333333333332575e+02 0.000000000000000000e+00
6.444444444444443434e+02 0.000000000000000000e+00
6.555555555555554292e+02 0.000000000000000000e+00
6.666666666666665151e+02 0.000000000000000000e+00
6.777777777777776009e+02 0.000000000000000000e+00
6.888888888888888005e+02 0.000000000000000000e+00
6.999999999999998863e+02 0.000000000000000000e+00
