0.000000000000000000e+00 2.277696855571834848e-06
1.111111111111110894e+01 3.975436500376083068e-05
2.222222222222221788e+01 2.757598329715673052e-04
3.333333333333332860e+01 2.951356454306701448e-04
4.444444444444443576e+01 4.142327494804945399e-04
5.555555555555554292e+01 4.762365291703512539e-04
6.666666666666665719e+01 4.080705044815124060e-04
7.777777777777775725e+01 3.514559899586096369e-04
8.888888888888887152e+01 2.794868582140321348e-04
9.999999999999998579e+01 2.865446710617611855e-04
1.111111111111110858e+02 2.256277772775910320e-04
1.222222222222222001e+02 2.047512974112422862e-04
1.333333333333333144e+02 1.922760115670596340e-04
1.444444444444444287e+02 1.848645324765675287e-04
1.555555555555555145e+02 1.711803992468617511e-04
1.666666666666666288e+02 1.361479373891648077e-04
1.777777777777777430e+02 1.439766889783335375e-04
1.888888888888888573e+02 1.338970153200142550e-04
1.999999999999999716e+02 1.247120549213734603e-04
2.111111111111110574e+02 1.178812532261816194e-04
2.222222222222221717e+02 1.097874197295823598e-04
2.333333333333332860e+02 9.301655519366593496e-05
2.444444444444444002e+02 8.876443098529877916e-05
2.555555555555555145e+02 8.803761926080578551e-05
2.666666666666666288e+02 8.933908808244171035e-05
2.777777777777777146e+02 7.973473595833517364e-05
2.888888888888888573e+02 7.575729373464210525e-05
2.999999999999999432e+02 7.016365442662066772e-05
3.111111111111110290e+02 6.833593959118498275e-05
3.222222222222221717e+02 7.259127244714657268e-05
3.333333333333332575e+02 6.138961086630120520e-05
3.444444444444444002e+02 6.370742166650841007e-05
3.555555555555554861e+02 5.047195652568898285e-05
3.666666666666665719e+02 5.615029800366433697e-05
3.777777777777777146e+02 5.561527025810692479e-05
3.888888888888888005e+02 4.650793384317518581e-05
3.999999999999999432e+02 4.752283826832984183e-05
4.111111111111110290e+02 4.974385687964105556e-05
4.222222222222221149e+02 4.058324441034978863e-05
4.333333333333332575e+02 4.790138034243463823e-05
4.444444444444443434e+02 3.802340784278241228e-05
4.555555555555554861e+02 3.990604295886523886e-05
4.666666666666665719e+02 3.558415614458515990e-05
4.777777777777776578e+02 3.593589505395961958e-05
4.888888888888888005e+02 3.379091348304432037e-05
4.999999999999998863e+02 3.713099571566908121e-05
5.111111111111110290e+02 3.254986708149154356e-05
5.222222222222221717e+02 3.122685757924339951e-05
5.333333333333332575e+02 2.869264697606623257e-05
5.444444444444443434e+02 3.143456072285018830e-05
5.555555555555554292e+02 3.615296419100247962e-05
5.666666666666665151e+02 2.264863278600645906e-05
5.777777777777777146e+02 2.931026395224884735e-05
5.888888888888888005e+02 2.517611031300194887e-05
5.999999999999998863e+02 2.465864541265796301e-05
6.111111111111109722e+02 2.488329871495183426e-05
6.222222222222220580e+02 2.365131027455821063e-05
6.333333333333332575e+02 2.135457392810083413e-05
6.444444444444443434e+02 2.294136173876119820e-05
6.555555555555554292e+02 2.104336215915805850e-05
6.666666666666665151e+02 2.045481313190401762e-05
6.777777777777776009e+02 2.011523246195201086e-05
6.888888888888888005e+02 1.849349623122962093e-05
6.999999999999998863e+02 1.809241142194544422e-05
7.111111111111109722e+02 1.732104134054970266e-05
7.222222222222220580e+02 1.744705463658426255e-05
7.333333333333331439e+02 1.645987176442086379e-05
7.444444444444443434e+02 1.649905049208067281e-05
7.555555555555554292e+02 1.562984758329910107e-05
7.666666666666665151e+02 1.464404531362373076e-05
7.777777777777776009e+02 1.363423004297285056e-05
7.888888888888886868e+02 1.272332837849701356e-05
7.999999999999998863e+02 1.398901352074448705e-05
8.111111111111109722e+02 1.157785971769580286e-05
8.222222222222220580e+02 1.358780241610002531e-05
8.333333333333331439e+02 1.092405713792425355e-05
8.444444444444442297e+02 1.085823627533647965e-05
8.555555555555554292e+02 1.214746683708341245e-05
8.666666666666665151e+02 1.013407866547048285e-05
8.777777777777776009e+02 1.078204884121526992e-05
8.888888888888886868e+02 9.456198586213121051e-06
8.999999999999997726e+02 9.728337842180384500e-06
9.111111111111109722e+02 9.812265531105531476e-06
9.222222222222220580e+02 8.445715344943338109e-06
9.333333333333331439e+02 1.006850688325417502e-05
9.444444444444442297e+02 8.529193365043529846e-06
9.555555555555553156e+02 8.051705164971285924e-06
9.666666666666665151e+02 8.056302874528475184e-06
9.777777777777776009e+02 8.235633588089704866e-06
9.888888888888886868e+02 8.141144122451237782e-06
9.999999999999997726e+02 7.625625320666936632e-06
1.011111111111110858e+03 7.321548031895094837e-06
1.022222222222222058e+03 7.127587602265093232e-06
1.033333333333333030e+03 8.005883820597597036e-06
1.044444444444444343e+03 6.216880859270665837e-06
1.055555555555555429e+03 7.088447192148980238e-06
1.066666666666666515e+03 6.546700921607133514e-06
1.077777777777777601e+03 7.041038353527693596e-06
1.088888888888888687e+03 5.376502638699214411e-06
1.099999999999999773e+03 6.832290712017742778e-06
1.111111111111110858e+03 5.670204393161304394e-06
1.122222222222221944e+03 5.520822654913127728e-06
1.133333333333333030e+03 6.191369102777317547e-06
1.144444444444444116e+03 5.068383044339407317e-06
1.155555555555555429e+03 5.032256372806609788e-06
1.166666666666666515e+03 5.074179678955506344e-06
1.177777777777777601e+03 5.086621625862853532e-06
1.188888888888888687e+03 5.188529009726963537e-06
1.199999999999999773e+03 4.672877363463039794e-06
1.211111111111110858e+03 4.230505291931290080e-06
1.222222222222221944e+03 4.662828032067790269e-06
1.233333333333333030e+03 4.202455074837234765e-06
1.244444444444444116e+03 4.526458390960692730e-06
1.255555555555555202e+03 3.859717607014046873e-06
1.266666666666666515e+03 4.360682255750292603e-06
1.277777777777777601e+03 3.634247635117323776e-06
1.288888888888888687e+03 4.089842793655987115e-06
1.299999999999999773e+03 3.544779828433641502e-06
1.311111111111110858e+03 3.546621119580113503e-06
1.322222222222221944e+03 3.676568882971341035e-06
1.333333333333333030e+03 3.580799884493911779e-06
1.344444444444444116e+03 3.133820267414143527e-06
1.355555555555555202e+03 3.522173316952641549e-06
1.366666666666666288e+03 2.930312931157657532e-06
1.377777777777777601e+03 3.197046163135863987e-06
1.388888888888888687e+03 2.950182620435299753e-06
1.399999999999999773e+03 3.275505177589587720e-06
1.411111111111110858e+03 2.602321475982025146e-06
1.422222222222221944e+03 3.057437648661645736e-06
1.433333333333333030e+03 2.921466702517727311e-06
1.444444444444444116e+03 2.861454249065387553e-06
1.455555555555555202e+03 2.237244623948037102e-06
1.466666666666666288e+03 2.697650447822951323e-06
1.477777777777777601e+03 2.785009451328030127e-06
1.488888888888888687e+03 2.653297710660183435e-06
1.499999999999999773e+03 2.387522598382061022e-06
1.511111111111110858e+03 2.587173742339073026e-06
1.522222222222221944e+03 2.189610901684389721e-06
1.533333333333333030e+03 2.233198640843475623e-06
1.544444444444444116e+03 2.306308826207850754e-06
1.555555555555555202e+03 2.337680058063848024e-06
1.566666666666666288e+03 2.033135892379670906e-06
1.577777777777777374e+03 2.207727713124814221e-06
1.588888888888888687e+03 2.105289790342268656e-06
1.599999999999999773e+03 1.983368782703305836e-06
1.611111111111110858e+03 2.133247900591448670e-06
1.622222222222221944e+03 1.885468954622091939e-06
1.633333333333333030e+03 1.852269387910389796e-06
1.644444444444444116e+03 1.861889759570189471e-06
1.655555555555555202e+03 1.891949982659593753e-06
1.666666666666666288e+03 1.670535517888740127e-06
1.677777777777777374e+03 1.772838323212104240e-06
1.688888888888888459e+03 1.724523756799808061e-06
1.699999999999999773e+03 1.553771005113125289e-06
1.711111111111110858e+03 1.579309260769723391e-06
1.722222222222221944e+03 1.595465125904786648e-06
1.733333333333333030e+03 1.408634436660007364e-06
1.744444444444444116e+03 1.504340723193015474e-06
1.755555555555555202e+03 1.464235492526281998e-06
1.766666666666666288e+03 1.526204726066529447e-06
1.777777777777777374e+03 1.273174333884341049e-06
1.788888888888888459e+03 1.349442050893341526e-06
1.799999999999999545e+03 1.312147958121952850e-06
1.811111111111110858e+03 1.382572812102613550e-06
1.822222222222221944e+03 1.280271918968087122e-06
1.833333333333333030e+03 1.151687552467949147e-06
1.844444444444444116e+03 1.357625059638277533e-06
1.855555555555555202e+03 1.071135581556670694e-06
1.866666666666666288e+03 1.179115846272819948e-06
1.877777777777777374e+03 1.122086859545436383e-06
1.888888888888888459e+03 1.142768108836588423e-06
1.899999999999999545e+03 1.018081481105399586e-06
1.911111111111110631e+03 1.119455819977029814e-06
1.922222222222221944e+03 1.086510163474358371e-06
1.933333333333333030e+03 9.672502741989823035e-07
1.944444444444444116e+03 1.026677769583938359e-06
1.955555555555555202e+03 9.128948488610971096e-07
1.966666666666666288e+03 1.056892909149037989e-06
1.977777777777777374e+03 9.723601272142062585e-07
1.988888888888888459e+03 8.625992456860684398e-07
1.999999999999999545e+03 8.351836193745654243e-07
2.011111111111110631e+03 9.087480205710622002e-07
2.022222222222221717e+03 9.241571026498801071e-07
2.033333333333333030e+03 8.616309114353342138e-07
2.044444444444444116e+03 8.715016568320114668e-07
2.055555555555555202e+03 7.737492626364684708e-07
2.066666666666666060e+03 7.921556682103471093e-07
2.077777777777777374e+03 7.903786915440317692e-07
2.088888888888888687e+03 7.529955230982430024e-07
2.099999999999999545e+03 7.377878920325833134e-07
2.111111111111110858e+03 7.570539787163631302e-07
2.122222222222221717e+03 7.096689094567786511e-07
2.133333333333333030e+03 7.527065714315117470e-07
2.144444444444443889e+03 6.665918086956693600e-07
2.155555555555555202e+03 6.094938346619402852e-07
2.166666666666666060e+03 6.789895421029546844e-07
2.177777777777777374e+03 7.094856405025956240e-07
2.188888888888888687e+03 5.394047358012759064e-07
2.199999999999999545e+03 6.794667237329314747e-07
2.211111111111110858e+03 6.480956471769151911e-07
2.222222222222221717e+03 5.073505870232383608e-07
2.233333333333333030e+03 6.102736980497513195e-07
2.244444444444443889e+03 5.421640093679026888e-07
2.255555555555555202e+03 5.164643975321596416e-07
2.266666666666666060e+03 5.919905629928954845e-07
2.277777777777777374e+03 4.884638276254293621e-07
2.288888888888888232e+03 5.387699917820875630e-07
2.299999999999999545e+03 4.823086336485667749e-07
2.311111111111110858e+03 4.729677737679258942e-07
2.322222222222221717e+03 4.994090340073432327e-07
2.333333333333333030e+03 4.569996870400796457e-07
2.344444444444443889e+03 4.481090345508638507e-07
2.355555555555555202e+03 4.490171236527115977e-07
2.366666666666666060e+03 4.337620654882235050e-07
2.377777777777777374e+03 4.403659908333347610e-07
2.388888888888888232e+03 3.830439656841703267e-07
2.399999999999999545e+03 3.981320170550492436e-07
2.411111111111110858e+03 4.010320661132711371e-07
2.422222222222221717e+03 3.693609004254807983e-07
2.433333333333333030e+03 3.712785678071803281e-07
2.444444444444443889e+03 3.569444846788424642e-07
2.455555555555555202e+03 3.457383093519272916e-07
2.466666666666666060e+03 3.290201728961381002e-07
2.477777777777777374e+03 3.239941040538179218e-07
2.488888888888888232e+03 3.339510438573916515e-07
2.499999999999999545e+03 3.336050302365296672e-07
2.511111111111110404e+03 2.960049834002400352e-07
2.522222222222221717e+03 2.951270640917304523e-07
2.533333333333333030e+03 3.062494809532323490e-07
2.544444444444443889e+03 2.865775994292044999e-07
2.555555555555555202e+03 2.464443407661668662e-07
2.566666666666666060e+03 2.914952021354630631e-07
2.577777777777777374e+03 2.553526753713461619e-07
2.588888888888888232e+03 2.506401834444370775e-07
2.599999999999999545e+03 2.456558113898616730e-07
2.611111111111110404e+03 2.331519549330202785e-07
2.622222222222221717e+03 2.275036427854523767e-07
2.633333333333333030e+03 2.288968696371680303e-07
2.644444444444443889e+03 2.067657408684847679e-07
2.655555555555555202e+03 2.235638556193484854e-07
2.666666666666666060e+03 2.015332628997022033e-07
2.677777777777777374e+03 2.071258319829568210e-07
2.688888888888888232e+03 1.869084066745222589e-07
2.699999999999999545e+03 1.900421126027093753e-07
2.711111111111110404e+03 1.802357923711500777e-07
2.722222222222221717e+03 1.794567688164505007e-07
2.733333333333332575e+03 1.688230140850418963e-07
2.744444444444443889e+03 1.720495118258057276e-07
2.755555555555555202e+03 1.575310627500740349e-07
2.766666666666666060e+03 1.640101042318917907e-07
2.777777777777777374e+03 1.466865613574668206e-07
2.788888888888888232e+03 1.503971136881625804e-07
2.799999999999999545e+03 1.413659245300096502e-07
2.811111111111110404e+03 1.446007671262277755e-07
2.822222222222221717e+03 1.352774668056377297e-07
2.833333333333332575e+03 9.868594141533470324e-08
2.844444444444443889e+03 7.217866531429778530e-08
2.855555555555555202e+03 2.599014617319882545e-08
2.866666666666666060e+03 1.714599067262701079e-08
2.877777777777777374e+03 1.329441075940768479e-08
2.888888888888888232e+03 1.080646217208969964e-08
2.899999999999999545e+03 9.262588389023949651e-09
2.911111111111110404e+03 7.889060962400460546e-09
2.922222222222221717e+03 6.983475891300819324e-09
2.933333333333332575e+03 6.214365198999406800e-09
2.944444444444443889e+03 5.569509655494664290e-09
2.955555555555555202e+03 5.024949875664589644e-09
2.966666666666666060e+03 4.536684425108105327e-09
2.977777777777777374e+03 4.142387961714367609e-09
2.988888888888888232e+03 3.829989357512984676e-09
2.999999999999999545e+03 3.500171888850400374e-09
3.011111111111110404e+03 3.238389638669603308e-09
3.022222222222221717e+03 3.021299085120135015e-09
3.033333333333332575e+03 2.788602847388254708e-09
3.044444444444443889e+03 2.587987123281438586e-09
3.055555555555554747e+03 2.406528690027591972e-09
3.066666666666666060e+03 2.239234811967544682e-09
3.077777777777777374e+03 2.101744369467117066e-09
3.088888888888888232e+03 1.926650685297140452e-09
3.099999999999999545e+03 1.807722206849702034e-09
3.111111111111110404e+03 1.723555010975711535e-09
3.122222222222221717e+03 1.594321101430163712e-09
3.133333333333332575e+03 1.502182541685391479e-09
3.144444444444443889e+03 1.411026735867080569e-09
3.155555555555554747e+03 1.331508427916373109e-09
3.166666666666666060e+03 1.258084156915113642e-09
3.177777777777777374e+03 1.162640590683130801e-09
3.188888888888888232e+03 1.114141273802021444e-09
3.199999999999999545e+03 1.037009061852526475e-09
3.211111111111110404e+03 9.813008207160375706e-10
3.222222222222221717e+03 9.243676125234171189e-10
3.233333333333332575e+03 8.643831856979289777e-10
3.244444444444443889e+03 8.074477499985413131e-10
3.255555555555554747e+03 7.626077902203856218e-10
3.266666666666666060e+03 7.141216437259556357e-10
3.277777777777776919e+03 6.698924046687553285e-10
3.288888888888888232e+03 6.467006303691717045e-10
3.299999999999999545e+03 5.973871981473501183e-10
3.311111111111110404e+03 5.680673475753379621e-10
3.322222222222221717e+03 5.327535225189913138e-10
3.333333333333332575e+03 4.990773624968008625e-10
3.344444444444443889e+03 4.719057621318790577e-10
3.355555555555554747e+03 4.477059113956822815e-10
3.366666666666666060e+03 4.158504923959200387e-10
3.377777777777776919e+03 3.876390855749255519e-10
3.388888888888888232e+03 3.667511108697883058e-10
3.399999999999999545e+03 3.487740531333865007e-10
3.411111111111110404e+03 3.268867775226183871e-10
3.422222222222221717e+03 3.018352174591923468e-10
3.433333333333332575e+03 2.844074717813028467e-10
3.444444444444443889e+03 2.707102810804241235e-10
3.455555555555554747e+03 2.550018102087986325e-10
3.466666666666666060e+03 2.374808754888504664e-10
3.477777777777776919e+03 2.229676755647129364e-10
3.488888888888888232e+03 2.131410291599040093e-10
3.499999999999999091e+03 1.983060067760159176e-10
3.511111111111110404e+03 1.868654251130154500e-10
3.522222222222221717e+03 1.717865795747353307e-10
3.533333333333332575e+03 1.686913030013512226e-10
3.544444444444443889e+03 1.519305781994100038e-10
3.555555555555554747e+03 1.451032273100556796e-10
3.566666666666666060e+03 1.385562321026991069e-10
3.577777777777776919e+03 1.283733429631731591e-10
3.588888888888888232e+03 1.235706720977175274e-10
3.599999999999999091e+03 1.126963643318307960e-10
3.611111111111110404e+03 1.090534675940117157e-10
3.622222222222221717e+03 9.946178540945254323e-11
3.633333333333332575e+03 9.358586459854432435e-11
3.644444444444443889e+03 8.644268943038398124e-11
3.655555555555554747e+03 7.822338853724731322e-11
3.666666666666666060e+03 7.670093976954425393e-11
3.677777777777776919e+03 6.712483353542745906e-11
3.688888888888888232e+03 6.437966805638358114e-11
3.699999999999999091e+03 5.913602177566150266e-11
3.711111111111110404e+03 5.313642943932956607e-11
3.722222222222221717e+03 5.241687739118523262e-11
3.733333333333332575e+03 4.575235672666643256e-11
3.744444444444443889e+03 4.467669620171378927e-11
3.755555555555554747e+03 4.009093703755010170e-11
3.766666666666666060e+03 3.639828152268364947e-11
3.777777777777776919e+03 3.441887882240223018e-11
3.788888888888888232e+03 2.983303507430702647e-11
3.799999999999999091e+03 2.975589700115242975e-11
3.811111111111110404e+03 2.536513489252576863e-11
3.822222222222221262e+03 2.362533728338173797e-11
3.833333333333332575e+03 2.217933571935439684e-11
3.844444444444443889e+03 1.771465744346415650e-11
3.855555555555554747e+03 1.904353827653462125e-11
3.866666666666666060e+03 1.412649354723383932e-11
3.877777777777776919e+03 1.510090799467962820e-11
3.888888888888888232e+03 1.179659166787723184e-11
3.899999999999999091e+03 1.066680596933211398e-11
3.911111111111110404e+03 9.938275521604168907e-12
3.922222222222221262e+03 7.204918222517366576e-12
3.933333333333332575e+03 8.179756838572410650e-12
3.944444444444443889e+03 5.240112045441333677e-12
3.955555555555554747e+03 5.531388924234074885e-12
3.966666666666666060e+03 3.729917749957617331e-12
3.977777777777776919e+03 2.719323408305809905e-12
3.988888888888888232e+03 2.802142465797764954e-12
3.999999999999999091e+03 1.401397838138284781e-12
4.011111111111110404e+03 1.082745721947615250e-12
4.022222222222221262e+03 6.001795258595985818e-13
4.033333333333332575e+03 4.311132023396956069e-13
4.044444444444443434e+03 3.588969111030094292e-13
4.055555555555554747e+03 3.096038496930346222e-13
4.066666666666666060e+03 2.709415282523015294e-13
4.077777777777776919e+03 2.361855322740659274e-13
4.088888888888888232e+03 2.109285698633825273e-13
4.099999999999999091e+03 1.879666233786640530e-13
4.111111111111110404e+03 1.675817870621597316e-13
4.122222222222221717e+03 1.491403470169520307e-13
4.133333333333332121e+03 1.357145868708772252e-13
4.144444444444443434e+03 1.194965651566040883e-13
4.155555555555554747e+03 1.102934697665804973e-13
4.166666666666666060e+03 9.698399676538360370e-14
4.177777777777777374e+03 8.887790984155055331e-14
4.188888888888887777e+03 8.011117028328728717e-14
4.199999999999999091e+03 7.216204062295696043e-14
4.211111111111110404e+03 6.520028878101911135e-14
4.222222222222221717e+03 5.905207022869447887e-14
4.233333333333332121e+03 5.345150172128241311e-14
4.244444444444443434e+03 4.797023601051035810e-14
4.255555555555554747e+03 4.334975577730727945e-14
4.266666666666666060e+03 3.947844615493018807e-14
4.277777777777777374e+03 3.515097226843775614e-14
4.288888888888887777e+03 3.277380780267631906e-14
4.299999999999999091e+03 2.891372214307300647e-14
4.311111111111110404e+03 2.661159146773153455e-14
4.322222222222221717e+03 2.383106924259705421e-14
4.333333333333332121e+03 2.194305518634391973e-14
4.344444444444443434e+03 1.992199238499917533e-14
4.355555555555554747e+03 1.748923844880604291e-14
4.366666666666666060e+03 1.688409495336394517e-14
4.377777777777777374e+03 1.479342483651372823e-14
4.388888888888887777e+03 1.335497611351077008e-14
4.399999999999999091e+03 1.251129016451596657e-14
4.411111111111110404e+03 1.113987184623594523e-14
4.422222222222221717e+03 1.011787892535662157e-14
4.433333333333332121e+03 9.058411467094251501e-15
4.444444444444443434e+03 8.455752041444546922e-15
4.455555555555554747e+03 7.357704120534727465e-15
4.466666666666666060e+03 6.783745463500252225e-15
4.477777777777776464e+03 6.184659036598004189e-15
4.488888888888887777e+03 5.512684218314033362e-15
4.499999999999999091e+03 5.063869228041759422e-15
4.511111111111110404e+03 4.442793456630109991e-15
4.522222222222221717e+03 4.036357070756354031e-15
4.533333333333332121e+03 3.683942365774759258e-15
4.544444444444443434e+03 3.243469693766591009e-15
4.555555555555554747e+03 2.693922419119848323e-15
4.566666666666666060e+03 2.642678643716384495e-15
4.577777777777776464e+03 2.333817762105485272e-15
4.588888888888887777e+03 1.954610294767114426e-15
4.599999999999999091e+03 1.756742880138813782e-15
4.611111111111110404e+03 1.646237415775713726e-15
4.622222222222221717e+03 1.404170345986930501e-15
4.633333333333332121e+03 1.181593863887495726e-15
4.644444444444443434e+03 1.097894996773904680e-15
4.655555555555554747e+03 1.003948279855095509e-15
4.666666666666666060e+03 8.202323694526847400e-16
4.677777777777776464e+03 6.980722238703616510e-16
4.688888888888887777e+03 6.892688594042115830e-16
4.699999999999999091e+03 6.046631969619556094e-16
4.711111111111110404e+03 4.575994256050132087e-16
4.722222222222221717e+03 3.741584718189437203e-16
4.733333333333332121e+03 4.153362449766215607e-16
4.744444444444443434e+03 3.335497012351665761e-16
4.755555555555554747e+03 2.433398928038206028e-16
4.766666666666666060e+03 1.895649744834345861e-16
4.777777777777776464e+03 2.054676307784009761e-16
4.788888888888887777e+03 1.567562678914812110e-16
4.799999999999999091e+03 1.011780414287255908e-16
4.811111111111110404e+03 7.220856347914666038e-17
4.822222222222221717e+03 7.783691906944280056e-17
4.833333333333332121e+03 5.608517358143476850e-17
4.844444444444443434e+03 3.091824203607694226e-17
4.855555555555554747e+03 2.222335972853123130e-17
4.866666666666666060e+03 2.045717491801579455e-17
4.877777777777776464e+03 1.189810020517360321e-17
4.888888888888887777e+03 3.507188669795694990e-18
4.899999999999999091e+03 3.598720867473879062e-18
4.911111111111110404e+03 9.788631353068322487e-19
4.922222222222220807e+03 1.213658665229082095e-19
4.933333333333332121e+03 0.000000000000000000e+00
4.944444444444443434e+03 0.000000000000000000e+00
4.955555555555554747e+03 0.000000000000000000e+00
4.966666666666666060e+03 0.000000000000000000e+00
4.977777777777776464e+03 0.000000000000000000e+00
4.988888888888887777e+03 0.000000000000000000e+00
4.999999999999999091e+03 0.000000000000000000e+00
5.011111111111110404e+03 0.000000000000000000e+00
5.022222222222220807e+03 0.000000000000000000e+00
5.033333333333332121e+03 0.000000000000000000e+00
5.044444444444443434e+03 0.000000000000000000e+00
5.055555555555554747e+03 0.000000000000000000e+00
5.066666666666666060e+03 0.000000000000000000e+00
5.077777777777776464e+03 0.000000000000000000e+00
5.088888888888887777e+03 0.000000000000000000e+00
5.099999999999999091e+03 0.000000000000000000e+00
5.111111111111110404e+03 0.000000000000000000e+00
5.122222222222220807e+03 0.000000000000000000e+00
5.133333333333332121e+03 0.000000000000000000e+00
5.144444444444443434e+03 0.000000000000000000e+00
5.155555555555554747e+03 0.000000000000000000e+00
5.166666666666666060e+03 0.000000000000000000e+00
5.177777777777776464e+03 0.000000000000000000e+00
5.188888888888887777e+03 0.000000000000000000e+00
5.199999999999999091e+03 0.000000000000000000e+00
5.211111111111110404e+03 0.000000000000000000e+00
5.222222222222220807e+03 0.000000000000000000e+00
5.233333333333332121e+03 0.000000000000000000e+00
5.244444444444443434e+03 0.000000000000000000e+00
5.255555555555554747e+03 0.000000000000000000e+00
5.266666666666666060e+03 0.000000000000000000e+00
5.277777777777776464e+03 0.000000000000000000e+00
5.288888888888887777e+03 0.000000000000000000e+00
5.299999999999999091e+03 0.000000000000000000e+00
5.311111111111110404e+03 0.000000000000000000e+00
5.322222222222220807e+03 0.000000000000000000e+00
5.333333333333332121e+03 0.000000000000000000e+00
5.344444444444443434e+03 0.000000000000000000e+00
5.355555555555554747e+03 0.000000000000000000e+00
5.366666666666666060e+03 0.000000000000000000e+00
5.377777777777776464e+03 0.000000000000000000e+00
5.388888888888887777e+03 0.000000000000000000e+00
5.399999999999999091e+03 0.000000000000000000e+00
5.411111111111110404e+03 0.000000000000000000e+00
5.422222222222220807e+03 0.000000000000000000e+00
5.433333333333332121e+03 0.000000000000000000e+00
5.444444444444443434e+03 0.000000000000000000e+00
5.455555555555554747e+03 0.000000000000000000e+00
5.466666666666665151e+03 0.000000000000000000e+00
5.477777777777776464e+03 0.000000000000000000e+00
5.488888888888887777e+03 0.000000000000000000e+00
5.499999999999999091e+03 0.000000000000000000e+00
5.511111111111110404e+03 0.000000000000000000e+00
5.522222222222220807e+03 0.000000000000000000e+00
5.533333333333332121e+03 0.000000000000000000e+00
5.544444444444443434e+03 0.000000000000000000e+00
5.555555555555554747e+03 0.000000000000000000e+00
5.566666666666665151e+03 0.000000000000000000e+00
5.577777777777776464e+03 0.000000000000000000e+00
5.588888888888887777e+03 0.000000000000000000e+00
5.599999999999999091e+03 0.000000000000000000e+00
5.611111111111110404e+03 0.000000000000000000e+00
5.622222222222220807e+03 0.000000000000000000e+00
5.633333333333332121e+03 0.000000000000000000e+00
5.644444444444443434e+03 0.000000000000000000e+00
5.655555555555554747e+03 0.000000000000000000e+00
5.666666666666665151e+03 0.000000000000000000e+00
5.677777777777776464e+03 0.000000000000000000e+00
