0.000000000000000000e+00 7.357960562808312039e-08
1.111111111111110894e+01 2.715311515904194904e-05
2.222222222222221788e+01 1.924760804060466127e-04
3.333333333333332860e+01 2.872126729761492682e-04
4.444444444444443576e+01 4.085123005474899254e-04
5.555555555555554292e+01 5.302509140526654938e-04
6.666666666666665719e+01 3.827480568178764420e-04
7.777777777777775725e+01 3.479505429299542779e-04
8.888888888888887152e+01 2.765285544618695441e-04
9.999999999999998579e+01 3.348098150289812477e-04
1.111111111111110858e+02 2.310574178795335551e-04
1.222222222222222001e+02 2.103922102315610560e-04
1.333333333333333144e+02 2.091317849113650304e-04
1.444444444444444287e+02 1.897390992781612337e-04
1.555555555555555145e+02 1.690043587696053295e-04
1.666666666666666288e+02 1.364141160032666565e-04
1.777777777777777430e+02 7.496917988749035415e-05
1.888888888888888573e+02 1.588998142056780965e-05
1.999999999999999716e+02 6.371391707062927120e-06
2.111111111111110574e+02 2.993765667993445244e-06
2.222222222222221717e+02 1.478832624891920086e-06
2.333333333333332860e+02 6.422903276423417556e-07
2.444444444444444002e+02 1.642476673231750837e-07
2.555555555555555145e+02 3.195755793680535872e-08
2.666666666666666288e+02 5.772307225081120196e-09
2.777777777777777146e+02 1.681856095430968851e-09
2.888888888888888573e+02 2.365748886010586117e-10
2.999999999999999432e+02 8.175992558783480301e-11
3.111111111111110290e+02 5.246364368309621412e-12
3.222222222222221717e+02 0.000000000000000000e+00
3.333333333333332575e+02 0.000000000000000000e+00
3.444444444444444002e+02 0.000000000000000000e+00
