0.000000000000000000e+00 1.043010191323538791e-07
1.111111111111110894e+01 3.507014786784241574e-05
2.222222222222221788e+01 2.035002530526197249e-04
3.333333333333332860e+01 2.963498069947121077e-04
4.444444444444443576e+01 4.177809738304244774e-04
5.555555555555554292e+01 4.268419243409626732e-04
6.666666666666665719e+01 3.769588882825753622e-04
7.777777777777775725e+01 3.116058377111593472e-04
8.888888888888887152e+01 3.054054658954820454e-04
9.999999999999998579e+01 3.203939919874654579e-04
1.111111111111110858e+02 2.355470461822890718e-04
1.222222222222222001e+02 2.073448457502041222e-04
1.333333333333333144e+02 2.033288866669661558e-04
1.444444444444444287e+02 1.864727574769156095e-04
1.555555555555555145e+02 1.689394023824901511e-04
1.666666666666666288e+02 1.476684720121814256e-04
1.777777777777777430e+02 1.412016386881026009e-04
1.888888888888888573e+02 1.416744245698150681e-04
1.999999999999999716e+02 1.233701698830142650e-04
2.111111111111110574e+02 1.071731602915913730e-04
2.222222222222221717e+02 1.081877363596376798e-04
2.333333333333332860e+02 1.038610936603428419e-04
2.444444444444444002e+02 9.547562180674558211e-05
2.555555555555555145e+02 8.899806324166098981e-05
2.666666666666666288e+02 8.451482867587135558e-05
2.777777777777777146e+02 8.139357380862456920e-05
2.888888888888888573e+02 7.952860528216939878e-05
2.999999999999999432e+02 7.073494039845957420e-05
3.111111111111110290e+02 7.125718594767912833e-05
3.222222222222221717e+02 6.686930563310920696e-05
3.333333333333332575e+02 6.328762472530293469e-05
3.444444444444444002e+02 5.587003513161290885e-05
3.555555555555554861e+02 3.071086748636781661e-05
3.666666666666665719e+02 6.629761261824908881e-06
3.777777777777777146e+02 3.298410918668344202e-06
3.888888888888888005e+02 2.023552294840919852e-06
3.999999999999999432e+02 1.440452916410328913e-06
4.111111111111110290e+02 9.462784459309357936e-07
4.222222222222221149e+02 6.918207027831717609e-07
4.333333333333332575e+02 4.556436145790079558e-07
4.444444444444443434e+02 3.185634794975925049e-07
4.555555555555554861e+02 2.123195268099872061e-07
4.666666666666665719e+02 1.195293750757893796e-07
4.777777777777776578e+02 6.702217559276988486e-08
4.888888888888888005e+02 2.488093839554918247e-08
4.999999999999998863e+02 8.742261116407471867e-09
5.111111111111110290e+02 2.025468410649278657e-09
5.222222222222221717e+02 9.898043168868756203e-10
5.333333333333332575e+02 5.047725142634422354e-10
5.444444444444443434e+02 2.895379460893944487e-10
5.555555555555554292e+02 1.575530251705919873e-10
5.666666666666665151e+02 5.982760782392529177e-11
5.777777777777777146e+02 2.220692879329045803e-11
5.888888888888888005e+02 1.140044902132930101e-11
5.999999999999998863e+02 2.161005751072988023e-12
6.111111111111109722e+02 2.268597085793666934e-13
6.222222222222220580e+02 0.000000000000000000e+00
6.333333333333332575e+02 0.000000000000000000e+00
6.444444444444443434e+02 0.000000000000000000e+00
6.555555555555554292e+02 0.000000000000000000e+00
6.666666666666665151e+02 0.000000000000000000e+00
6.777777777777776009e+02 0.000000000000000000e+00
6.888888888888888005e+02 0.000000000000000000e+00
6.999999999999998863e+02 0.000000000000000000e+00
