0.000000000000000000e+00 2.277696855571834848e-06
1.111111111111110894e+01 3.975436500376083068e-05
2.222222222222221788e+01 2.757598329715672510e-04
3.333333333333332860e+01 2.951356454306701990e-04
4.444444444444443576e+01 4.142327494804944315e-04
5.555555555555554292e+01 4.762365291703510913e-04
6.666666666666665719e+01 4.080705044815124060e-04
7.777777777777775725e+01 3.514559899586096369e-04
8.888888888888887152e+01 2.794868582140318638e-04
9.999999999999998579e+01 2.865446710617613481e-04
1.111111111111110858e+02 2.256277772775914386e-04
1.222222222222222001e+02 2.047512974112423946e-04
1.333333333333333144e+02 1.922760115670599050e-04
1.444444444444444287e+02 1.848645324765675558e-04
1.555555555555555145e+02 1.711803992468618053e-04
1.666666666666666288e+02 1.361479373891646722e-04
1.777777777777777430e+02 1.439766889783337543e-04
1.888888888888888573e+02 1.338970153200142550e-04
1.999999999999999716e+02 1.247120549213737856e-04
2.111111111111110574e+02 1.178812532261814839e-04
2.222222222222221717e+02 1.097874197295824682e-04
2.333333333333332860e+02 9.301655519366547418e-05
2.444444444444444002e+02 8.876443098529864363e-05
2.555555555555555145e+02 8.803761926080570419e-05
2.666666666666666288e+02 8.933908808244213047e-05
2.777777777777777146e+02 7.973473595833514653e-05
2.888888888888888573e+02 7.575729373464201038e-05
2.999999999999999432e+02 7.016365442662061351e-05
3.111111111111110290e+02 6.833593959118549775e-05
3.222222222222221717e+02 7.259127244714689794e-05
3.333333333333332575e+02 6.138961086630173375e-05
3.444444444444444002e+02 6.370742166650841007e-05
3.555555555555554861e+02 5.047195652568898285e-05
3.666666666666665719e+02 5.615029800366447927e-05
3.777777777777777146e+02 5.561527025810688413e-05
3.888888888888888005e+02 4.650793384317515193e-05
3.999999999999999432e+02 4.752283826832980794e-05
4.111111111111110290e+02 4.974385687964144858e-05
4.222222222222221149e+02 4.058324441034976153e-05
4.333333333333332575e+02 4.790138034243432652e-05
4.444444444444443434e+02 3.802340784278234452e-05
4.555555555555554861e+02 3.990604295886518465e-05
4.666666666666665719e+02 3.558415614458526832e-05
4.777777777777776578e+02 3.593589505395938241e-05
4.888888888888888005e+02 3.379091348304415774e-05
4.999999999999998863e+02 3.713099571566914219e-05
5.111111111111110290e+02 3.254986708149181461e-05
5.222222222222221717e+02 3.122685757924352148e-05
5.333333333333332575e+02 2.869264697606569047e-05
5.444444444444443434e+02 3.143456072285033060e-05
5.555555555555554292e+02 3.615296419100262870e-05
5.666666666666665151e+02 2.264863278600645906e-05
5.777777777777777146e+02 2.931026395224897271e-05
5.888888888888888005e+02 2.517611031300185062e-05
5.999999999999998863e+02 2.465864541265767841e-05
6.111111111111109722e+02 2.488329871495225778e-05
6.222222222222220580e+02 2.365131027455801750e-05
6.333333333333332575e+02 2.135457392810070877e-05
6.444444444444443434e+02 2.294136173876134727e-05
6.555555555555554292e+02 2.104336215915828890e-05
6.666666666666665151e+02 2.045481313190390243e-05
6.777777777777776009e+02 2.011523246195199053e-05
6.888888888888888005e+02 1.849349623122947185e-05
6.999999999999998863e+02 1.809241142194547471e-05
7.111111111111109722e+02 1.732104134054969250e-05
7.222222222222220580e+02 1.744705463658442518e-05
7.333333333333331439e+02 1.645987176442085701e-05
7.444444444444443434e+02 1.649905049208100485e-05
7.555555555555554292e+02 1.562984758329905702e-05
7.666666666666665151e+02 1.464404531362371890e-05
7.777777777777776009e+02 1.363423004297288444e-05
7.888888888888886868e+02 1.272332837849690006e-05
7.999999999999998863e+02 1.398901352074441760e-05
8.111111111111109722e+02 1.157785971769579270e-05
8.222222222222220580e+02 1.358780241610008629e-05
8.333333333333331439e+02 1.092405713792425185e-05
8.444444444444442297e+02 1.085823627533647965e-05
8.555555555555554292e+02 1.214746683708349546e-05
8.666666666666665151e+02 1.013407866547051335e-05
8.777777777777776009e+02 1.078204884121525637e-05
8.888888888888886868e+02 9.456198586213188814e-06
8.999999999999997726e+02 9.728337842180370947e-06
9.111111111111109722e+02 9.812265531105414585e-06
9.222222222222220580e+02 8.445715344943361826e-06
9.333333333333331439e+02 1.006850688325420720e-05
9.444444444444442297e+02 8.529193365043519681e-06
9.555555555555553156e+02 8.051705164971245267e-06
9.666666666666665151e+02 8.056302874528548029e-06
9.777777777777776009e+02 8.235633588089787875e-06
9.888888888888886868e+02 8.141144122451285216e-06
9.999999999999997726e+02 7.625625320666940868e-06
1.011111111111110858e+03 7.321548031895210880e-06
1.022222222222222058e+03 7.127587602265039022e-06
1.033333333333333030e+03 8.005883820597808795e-06
1.044444444444444343e+03 6.216880859270631109e-06
1.055555555555555429e+03 7.088447192149049695e-06
1.066666666666666515e+03 6.546700921607107256e-06
1.077777777777777601e+03 7.041038353527673267e-06
1.088888888888888687e+03 5.376502638699233893e-06
1.099999999999999773e+03 6.832290712017728378e-06
1.111111111111110858e+03 5.670204393161393332e-06
1.122222222222221944e+03 5.520822654913121798e-06
1.133333333333333030e+03 6.191369102777402250e-06
1.144444444444444116e+03 5.068383044339406470e-06
1.155555555555555429e+03 5.032256372806623341e-06
1.166666666666666515e+03 5.074179678955482627e-06
1.177777777777777601e+03 5.086621625862850144e-06
1.188888888888888687e+03 5.188529009726983019e-06
1.199999999999999773e+03 4.672877363463017771e-06
1.211111111111110858e+03 4.230505291931337514e-06
1.222222222222221944e+03 4.662828032067738600e-06
1.233333333333333030e+03 4.202455074837321162e-06
1.244444444444444116e+03 4.526458390960708823e-06
1.255555555555555202e+03 3.859717607014088378e-06
1.266666666666666515e+03 4.360682255750310390e-06
1.277777777777777601e+03 3.634247635117296248e-06
1.288888888888888687e+03 4.089842793656016761e-06
1.299999999999999773e+03 3.544779828433644466e-06
1.311111111111110858e+03 3.546621119580059716e-06
1.322222222222221944e+03 3.676568882971307153e-06
1.333333333333333030e+03 3.580799884493946084e-06
1.344444444444444116e+03 3.133820267414097364e-06
1.355555555555555202e+03 3.522173316952573787e-06
1.366666666666666288e+03 2.930312931157699036e-06
1.377777777777777601e+03 3.197046163135859752e-06
1.388888888888888687e+03 2.950182620435278577e-06
1.399999999999999773e+03 3.275505177589573744e-06
1.411111111111110858e+03 2.602321475982032346e-06
1.422222222222221944e+03 3.057437648661645736e-06
1.433333333333333030e+03 2.921466702517681995e-06
1.444444444444444116e+03 2.861454249065398988e-06
1.455555555555555202e+03 2.237244623948046843e-06
1.466666666666666288e+03 2.697650447822942006e-06
1.477777777777777601e+03 2.785009451328094502e-06
1.488888888888888687e+03 2.653297710660177506e-06
1.499999999999999773e+03 2.387522598382055516e-06
1.511111111111110858e+03 2.587173742339094626e-06
1.522222222222221944e+03 2.189610901684429108e-06
1.533333333333333030e+03 2.233198640843438777e-06
1.544444444444444116e+03 2.306308826207853296e-06
1.555555555555555202e+03 2.337680058063862847e-06
1.566666666666666288e+03 2.033135892379676411e-06
1.577777777777777374e+03 2.207727713124804904e-06
1.588888888888888687e+03 2.105289790342278821e-06
1.599999999999999773e+03 1.983368782703324894e-06
1.611111111111110858e+03 2.133247900591509233e-06
1.622222222222221944e+03 1.885468954622143608e-06
1.633333333333333030e+03 1.852269387910434477e-06
1.644444444444444116e+03 1.861889759570192223e-06
1.655555555555555202e+03 1.891949982659549707e-06
1.666666666666666288e+03 1.670535517888797726e-06
1.677777777777777374e+03 1.772838323212083487e-06
1.688888888888888459e+03 1.724523756799766344e-06
1.699999999999999773e+03 1.553771005113165311e-06
1.711111111111110858e+03 1.579309260769755154e-06
1.722222222222221944e+03 1.595465125904813329e-06
1.733333333333333030e+03 1.408634436659999105e-06
1.744444444444444116e+03 1.504340723193033473e-06
1.755555555555555202e+03 1.464235492526284116e-06
1.766666666666666288e+03 1.526204726066483284e-06
1.777777777777777374e+03 1.273174333884328343e-06
1.788888888888888459e+03 1.349442050893323315e-06
1.799999999999999545e+03 1.312147958121937392e-06
1.811111111111110858e+03 1.382572812102601056e-06
1.822222222222221944e+03 1.280271918968080346e-06
1.833333333333333030e+03 1.151687552467977099e-06
1.844444444444444116e+03 1.357625059638274780e-06
1.855555555555555202e+03 1.071135581556689329e-06
1.866666666666666288e+03 1.179115846272811265e-06
1.877777777777777374e+03 1.122086859545450359e-06
1.888888888888888459e+03 1.142768108836561530e-06
1.899999999999999545e+03 1.018081481105404456e-06
1.911111111111110631e+03 1.119455819977016050e-06
1.922222222222221944e+03 1.086510163474347995e-06
1.933333333333333030e+03 9.672502741989907738e-07
1.944444444444444116e+03 1.026677769583958264e-06
1.955555555555555202e+03 9.128948488611352261e-07
1.966666666666666288e+03 1.056892909149054294e-06
1.977777777777777374e+03 9.723601272141927060e-07
1.988888888888888459e+03 8.625992456860491698e-07
1.999999999999999545e+03 8.351836193745754828e-07
2.011111111111110631e+03 9.087480205710883524e-07
2.022222222222221717e+03 9.241571026498988477e-07
2.033333333333333030e+03 8.616309114353338962e-07
2.044444444444444116e+03 8.715016568319988672e-07
2.055555555555555202e+03 7.737492626364821292e-07
2.066666666666666060e+03 7.921556682103553679e-07
2.077777777777777374e+03 7.903786915440252047e-07
2.088888888888888687e+03 7.529955230982584607e-07
2.099999999999999545e+03 7.377878920325643610e-07
2.111111111111110858e+03 7.570539787163428014e-07
2.122222222222221717e+03 7.096689094567775923e-07
2.133333333333333030e+03 7.527065714314952299e-07
2.144444444444443889e+03 6.665918086956727481e-07
2.155555555555555202e+03 6.094938346619450498e-07
2.166666666666666060e+03 6.789895421029447317e-07
2.177777777777777374e+03 7.094856405026052590e-07
2.188888888888888687e+03 5.394047358013051290e-07
2.199999999999999545e+03 6.794667237329300983e-07
2.211111111111110858e+03 6.480956471769228144e-07
2.222222222222221717e+03 5.073505870232342316e-07
2.233333333333333030e+03 6.102736980497510018e-07
2.244444444444443889e+03 5.421640093678994065e-07
2.255555555555555202e+03 5.164643975321818762e-07
2.266666666666666060e+03 5.919905629929002491e-07
2.277777777777777374e+03 4.884638276254103038e-07
2.288888888888888232e+03 5.387699917821015390e-07
2.299999999999999545e+03 4.823086336485730218e-07
2.311111111111110858e+03 4.729677737679337292e-07
2.322222222222221717e+03 4.994090340073508560e-07
2.333333333333333030e+03 4.569996870400726577e-07
2.344444444444443889e+03 4.481090345508502453e-07
2.355555555555555202e+03 4.490171236527234562e-07
2.366666666666666060e+03 4.337620654882253579e-07
2.377777777777777374e+03 4.403659908333471489e-07
2.388888888888888232e+03 3.830439656841580447e-07
2.399999999999999545e+03 3.981320170550360617e-07
2.411111111111110858e+03 4.010320661132770134e-07
2.422222222222221717e+03 3.693609004254834453e-07
2.433333333333333030e+03 3.712785678071680991e-07
2.444444444444443889e+03 3.569444846788410348e-07
2.455555555555555202e+03 3.457383093519313680e-07
2.466666666666666060e+03 3.290201728961426530e-07
2.477777777777777374e+03 3.239941040538189277e-07
2.488888888888888232e+03 3.339510438573896928e-07
2.499999999999999545e+03 3.336050302365307789e-07
2.511111111111110404e+03 2.960049834002310355e-07
2.522222222222221717e+03 2.951270640917337345e-07
2.533333333333333030e+03 3.062494809532335667e-07
2.544444444444443889e+03 2.865775994292058763e-07
2.555555555555555202e+03 2.464443407661665486e-07
2.566666666666666060e+03 2.914952021354608926e-07
2.577777777777777374e+03 2.553526753713398621e-07
2.588888888888888232e+03 2.506401834444319953e-07
2.599999999999999545e+03 2.456558113898506616e-07
2.611111111111110404e+03 2.331519549330147728e-07
2.622222222222221717e+03 2.275036427854569824e-07
2.633333333333333030e+03 2.288968696371854475e-07
2.644444444444443889e+03 2.067657408684859061e-07
2.655555555555555202e+03 2.235638556193448325e-07
2.666666666666666060e+03 2.015332628996991063e-07
2.677777777777777374e+03 2.071258319829483242e-07
2.688888888888888232e+03 1.869084066745244823e-07
2.699999999999999545e+03 1.900421126027121546e-07
2.711111111111110404e+03 1.802357923711523277e-07
2.722222222222221717e+03 1.794567688164548418e-07
2.733333333333332575e+03 1.688230140850435904e-07
2.744444444444443889e+03 1.720495118258048805e-07
2.755555555555555202e+03 1.575310627500757289e-07
2.766666666666666060e+03 1.640101042318912348e-07
2.777777777777777374e+03 1.466865613574665559e-07
2.788888888888888232e+03 1.503971136881631628e-07
2.799999999999999545e+03 1.413659245300095973e-07
2.811111111111110404e+03 1.446007671262276167e-07
2.822222222222221717e+03 1.352774668056353474e-07
2.833333333333332575e+03 9.868594141533267830e-08
2.844444444444443889e+03 7.217866531429752060e-08
2.855555555555555202e+03 2.599014617319899419e-08
2.866666666666666060e+03 1.714599067262735490e-08
2.877777777777777374e+03 1.329441075940763681e-08
2.888888888888888232e+03 1.080646217208986838e-08
2.899999999999999545e+03 9.262588389024225930e-09
2.911111111111110404e+03 7.889060962400515140e-09
2.922222222222221717e+03 6.983475891300834213e-09
2.933333333333332575e+03 6.214365198999413418e-09
2.944444444444443889e+03 5.569509655494796639e-09
2.955555555555555202e+03 5.024949875664551594e-09
2.966666666666666060e+03 4.536684425108245948e-09
2.977777777777777374e+03 4.142387961714354374e-09
2.988888888888888232e+03 3.829989357513002874e-09
2.999999999999999545e+03 3.500171888850190684e-09
3.011111111111110404e+03 3.238389638669669896e-09
3.022222222222221717e+03 3.021299085120141219e-09
3.033333333333332575e+03 2.788602847388205904e-09
3.044444444444443889e+03 2.587987123281434864e-09
3.055555555555554747e+03 2.406528690027674690e-09
3.066666666666666060e+03 2.239234811967479748e-09
3.077777777777777374e+03 2.101744369467032694e-09
3.088888888888888232e+03 1.926650685297045326e-09
3.099999999999999545e+03 1.807722206849641857e-09
3.111111111111110404e+03 1.723555010975697266e-09
3.122222222222221717e+03 1.594321101430111393e-09
3.133333333333332575e+03 1.502182541685397269e-09
3.144444444444443889e+03 1.411026735867042519e-09
3.155555555555554747e+03 1.331508427916357185e-09
3.166666666666666060e+03 1.258084156915129358e-09
3.177777777777777374e+03 1.162640590683135144e-09
3.188888888888888232e+03 1.114141273801997249e-09
3.199999999999999545e+03 1.037009061852529991e-09
3.211111111111110404e+03 9.813008207161091217e-10
3.222222222222221717e+03 9.243676125233987142e-10
3.233333333333332575e+03 8.643831856979433499e-10
3.244444444444443889e+03 8.074477499985585805e-10
3.255555555555554747e+03 7.626077902203823130e-10
3.266666666666666060e+03 7.141216437259663891e-10
3.277777777777776919e+03 6.698924046687566726e-10
3.288888888888888232e+03 6.467006303691698434e-10
3.299999999999999545e+03 5.973871981473651109e-10
3.311111111111110404e+03 5.680673475753293801e-10
3.322222222222221717e+03 5.327535225189732193e-10
3.333333333333332575e+03 4.990773624968000353e-10
3.344444444444443889e+03 4.719057621318723369e-10
3.355555555555554747e+03 4.477059113956739579e-10
3.366666666666666060e+03 4.158504923959173504e-10
3.377777777777776919e+03 3.876390855749374427e-10
3.388888888888888232e+03 3.667511108697829808e-10
3.399999999999999545e+03 3.487740531333881550e-10
3.411111111111110404e+03 3.268867775226165260e-10
3.422222222222221717e+03 3.018352174591910543e-10
3.433333333333332575e+03 2.844074717813056901e-10
3.444444444444443889e+03 2.707102810804133184e-10
3.455555555555554747e+03 2.550018102088024065e-10
3.466666666666666060e+03 2.374808754888371281e-10
3.477777777777776919e+03 2.229676755647026741e-10
3.488888888888888232e+03 2.131410291599013468e-10
3.499999999999999091e+03 1.983060067760110837e-10
3.511111111111110404e+03 1.868654251130196635e-10
3.522222222222221717e+03 1.717865795747350981e-10
3.533333333333332575e+03 1.686913030013502920e-10
3.544444444444443889e+03 1.519305781994105207e-10
3.555555555555554747e+03 1.451032273100549041e-10
3.566666666666666060e+03 1.385562321027022347e-10
3.577777777777776919e+03 1.283733429631739862e-10
3.588888888888888232e+03 1.235706720977181219e-10
3.599999999999999091e+03 1.126963643318311321e-10
3.611111111111110404e+03 1.090534675940106558e-10
3.622222222222221717e+03 9.946178540945029434e-11
3.633333333333332575e+03 9.358586459854767185e-11
3.644444444444443889e+03 8.644268943038392955e-11
3.655555555555554747e+03 7.822338853724742954e-11
3.666666666666666060e+03 7.670093976954453827e-11
3.677777777777776919e+03 6.712483353542922975e-11
3.688888888888888232e+03 6.437966805638402058e-11
3.699999999999999091e+03 5.913602177566415222e-11
3.711111111111110404e+03 5.313642943933087793e-11
3.722222222222221717e+03 5.241687739118412109e-11
3.733333333333332575e+03 4.575235672666620638e-11
3.744444444444443889e+03 4.467669620171348554e-11
3.755555555555554747e+03 4.009093703755041190e-11
3.766666666666666060e+03 3.639828152268302263e-11
3.777777777777776919e+03 3.441887882240186829e-11
3.788888888888888232e+03 2.983303507430599896e-11
3.799999999999999091e+03 2.975589700115158319e-11
3.811111111111110404e+03 2.536513489252612083e-11
3.822222222222221262e+03 2.362533728338140839e-11
3.833333333333332575e+03 2.217933571935457132e-11
3.844444444444443889e+03 1.771465744346428898e-11
3.855555555555554747e+03 1.904353827653458247e-11
3.866666666666666060e+03 1.412649354723366322e-11
3.877777777777776919e+03 1.510090799468019365e-11
3.888888888888888232e+03 1.179659166787711067e-11
3.899999999999999091e+03 1.066680596933216406e-11
3.911111111111110404e+03 9.938275521604155983e-12
3.922222222222221262e+03 7.204918222517266409e-12
3.933333333333332575e+03 8.179756838572434884e-12
3.944444444444443889e+03 5.240112045441351448e-12
3.955555555555554747e+03 5.531388924234081347e-12
3.966666666666666060e+03 3.729917749957606830e-12
3.977777777777776919e+03 2.719323408305793346e-12
3.988888888888888232e+03 2.802142465797721333e-12
3.999999999999999091e+03 1.401397838138272261e-12
4.011111111111110404e+03 1.082745721947608989e-12
4.022222222222221262e+03 6.001795258595981779e-13
4.033333333333332575e+03 4.311132023396919213e-13
4.044444444444443434e+03 3.588969111030077632e-13
4.055555555555554747e+03 3.096038496930320474e-13
4.066666666666666060e+03 2.709415282522983487e-13
4.077777777777776919e+03 2.361855322740618884e-13
4.088888888888888232e+03 2.109285698633813408e-13
4.099999999999999091e+03 1.879666233786662492e-13
4.111111111111110404e+03 1.675817870621569548e-13
4.122222222222221717e+03 1.491403470169527880e-13
4.133333333333332121e+03 1.357145868708760640e-13
4.144444444444443434e+03 1.194965651566082787e-13
4.155555555555554747e+03 1.102934697665811789e-13
4.166666666666666060e+03 9.698399676538402022e-14
4.177777777777777374e+03 8.887790984154924064e-14
4.188888888888887777e+03 8.011117028328748912e-14
4.199999999999999091e+03 7.216204062295866437e-14
4.211111111111110404e+03 6.520028878101912397e-14
4.222222222222221717e+03 5.905207022869428954e-14
4.233333333333332121e+03 5.345150172128207864e-14
4.244444444444443434e+03 4.797023601050902019e-14
4.255555555555554747e+03 4.334975577730767073e-14
4.266666666666666060e+03 3.947844615493035846e-14
4.277777777777777374e+03 3.515097226843687262e-14
4.288888888888887777e+03 3.277380780267630013e-14
4.299999999999999091e+03 2.891372214307351134e-14
4.311111111111110404e+03 2.661159146773071098e-14
4.322222222222221717e+03 2.383106924259717727e-14
4.333333333333332121e+03 2.194305518634388817e-14
4.344444444444443434e+03 1.992199238499938359e-14
4.355555555555554747e+03 1.748923844880587567e-14
4.366666666666666060e+03 1.688409495336412819e-14
4.377777777777777374e+03 1.479342483651398382e-14
4.388888888888887777e+03 1.335497611351089314e-14
4.399999999999999091e+03 1.251129016451586244e-14
4.411111111111110404e+03 1.113987184623589632e-14
4.422222222222221717e+03 1.011787892535686454e-14
4.433333333333332121e+03 9.058411467094989875e-15
4.444444444444443434e+03 8.455752041444971329e-15
4.455555555555554747e+03 7.357704120534741665e-15
4.466666666666666060e+03 6.783745463500510971e-15
4.477777777777776464e+03 6.184659036598024700e-15
4.488888888888887777e+03 5.512684218313916611e-15
4.499999999999999091e+03 5.063869228041686847e-15
4.511111111111110404e+03 4.442793456630313517e-15
4.522222222222221717e+03 4.036357070756422662e-15
4.533333333333332121e+03 3.683942365774524967e-15
4.544444444444443434e+03 3.243469693766587065e-15
4.555555555555554747e+03 2.693922419119720922e-15
4.566666666666666060e+03 2.642678643716289043e-15
4.577777777777776464e+03 2.333817762105310934e-15
4.588888888888887777e+03 1.954610294766954287e-15
4.599999999999999091e+03 1.756742880138822854e-15
4.611111111111110404e+03 1.646237415775764213e-15
4.622222222222221717e+03 1.404170345986934643e-15
4.633333333333332121e+03 1.181593863887503417e-15
4.644444444444443434e+03 1.097894996773779054e-15
4.655555555555554747e+03 1.003948279855091959e-15
4.666666666666666060e+03 8.202323694526361264e-16
4.677777777777776464e+03 6.980722238703572137e-16
4.688888888888887777e+03 6.892688594041899880e-16
4.699999999999999091e+03 6.046631969618230808e-16
4.711111111111110404e+03 4.575994256049597633e-16
4.722222222222221717e+03 3.741584718189066931e-16
4.733333333333332121e+03 4.153362449765946408e-16
4.744444444444443434e+03 3.335497012351565181e-16
4.755555555555554747e+03 2.433398928038192223e-16
4.766666666666666060e+03 1.895649744834318744e-16
4.777777777777776464e+03 2.054676307784007542e-16
4.788888888888887777e+03 1.567562678915272115e-16
4.799999999999999091e+03 1.011780414287474570e-16
4.811111111111110404e+03 7.220856347911797789e-17
4.822222222222221717e+03 7.783691906943774692e-17
4.833333333333332121e+03 5.608517358144491276e-17
4.844444444444443434e+03 3.091824203608144739e-17
4.855555555555554747e+03 2.222335972853607848e-17
4.866666666666666060e+03 2.045717491800246404e-17
4.877777777777776464e+03 1.189810020518563026e-17
4.888888888888887777e+03 3.507188669799032242e-18
4.899999999999999091e+03 3.598720867467866309e-18
4.911111111111110404e+03 9.788631353053833716e-19
4.922222222222220807e+03 1.213658665217683238e-19
4.933333333333332121e+03 0.000000000000000000e+00
4.944444444444443434e+03 0.000000000000000000e+00
4.955555555555554747e+03 0.000000000000000000e+00
4.966666666666666060e+03 0.000000000000000000e+00
4.977777777777776464e+03 0.000000000000000000e+00
4.988888888888887777e+03 0.000000000000000000e+00
4.999999999999999091e+03 0.000000000000000000e+00
5.011111111111110404e+03 0.000000000000000000e+00
5.022222222222220807e+03 0.000000000000000000e+00
5.033333333333332121e+03 0.000000000000000000e+00
5.044444444444443434e+03 0.000000000000000000e+00
5.055555555555554747e+03 0.000000000000000000e+00
5.066666666666666060e+03 0.000000000000000000e+00
5.077777777777776464e+03 0.000000000000000000e+00
5.088888888888887777e+03 0.000000000000000000e+00
5.099999999999999091e+03 0.000000000000000000e+00
5.111111111111110404e+03 0.000000000000000000e+00
5.122222222222220807e+03 0.000000000000000000e+00
5.133333333333332121e+03 0.000000000000000000e+00
5.144444444444443434e+03 0.000000000000000000e+00
5.155555555555554747e+03 0.000000000000000000e+00
5.166666666666666060e+03 0.000000000000000000e+00
5.177777777777776464e+03 0.000000000000000000e+00
5.188888888888887777e+03 0.000000000000000000e+00
5.199999999999999091e+03 0.000000000000000000e+00
5.211111111111110404e+03 0.000000000000000000e+00
5.222222222222220807e+03 0.000000000000000000e+00
5.233333333333332121e+03 0.000000000000000000e+00
5.244444444444443434e+03 0.000000000000000000e+00
5.255555555555554747e+03 0.000000000000000000e+00
5.266666666666666060e+03 0.000000000000000000e+00
5.277777777777776464e+03 0.000000000000000000e+00
5.288888888888887777e+03 0.000000000000000000e+00
5.299999999999999091e+03 0.000000000000000000e+00
5.311111111111110404e+03 0.000000000000000000e+00
5.322222222222220807e+03 0.000000000000000000e+00
5.333333333333332121e+03 0.000000000000000000e+00
5.344444444444443434e+03 0.000000000000000000e+00
5.355555555555554747e+03 0.000000000000000000e+00
5.366666666666666060e+03 0.000000000000000000e+00
5.377777777777776464e+03 0.000000000000000000e+00
5.388888888888887777e+03 0.000000000000000000e+00
5.399999999999999091e+03 0.000000000000000000e+00
5.411111111111110404e+03 0.000000000000000000e+00
5.422222222222220807e+03 0.000000000000000000e+00
5.433333333333332121e+03 0.000000000000000000e+00
5.444444444444443434e+03 0.000000000000000000e+00
5.455555555555554747e+03 0.000000000000000000e+00
5.466666666666665151e+03 0.000000000000000000e+00
5.477777777777776464e+03 0.000000000000000000e+00
5.488888888888887777e+03 0.000000000000000000e+00
5.499999999999999091e+03 0.000000000000000000e+00
5.511111111111110404e+03 0.000000000000000000e+00
5.522222222222220807e+03 0.000000000000000000e+00
5.533333333333332121e+03 0.000000000000000000e+00
5.544444444444443434e+03 0.000000000000000000e+00
5.555555555555554747e+03 0.000000000000000000e+00
5.566666666666665151e+03 0.000000000000000000e+00
5.577777777777776464e+03 0.000000000000000000e+00
5.588888888888887777e+03 0.000000000000000000e+00
5.599999999999999091e+03 0.000000000000000000e+00
5.611111111111110404e+03 0.000000000000000000e+00
5.622222222222220807e+03 0.000000000000000000e+00
5.633333333333332121e+03 0.000000000000000000e+00
5.644444444444443434e+03 0.000000000000000000e+00
5.655555555555554747e+03 0.000000000000000000e+00
5.666666666666665151e+03 0.000000000000000000e+00
5.677777777777776464e+03 0.000000000000000000e+00
