0.000000000000000000e+00 7.357960562808308069e-08
1.111111111111110894e+01 2.395029481781790707e-05
2.222222222222221788e+01 9.264470574946348416e-05
3.333333333333332860e+01 9.905825330594342638e-05
4.444444444444443576e+01 1.031487136138986409e-04
5.555555555555554292e+01 8.738771637774283413e-05
6.666666666666665719e+01 6.319424307106709068e-05
7.777777777777775725e+01 5.382158394117345616e-05
8.888888888888887152e+01 5.200752205064432341e-05
9.999999999999998579e+01 4.915137679932590975e-05
1.111111111111110858e+02 3.925014565361154592e-05
1.222222222222222001e+02 3.416742679439768835e-05
1.333333333333333144e+02 3.258177576316194569e-05
1.444444444444444287e+02 3.075724259062022353e-05
1.555555555555555145e+02 2.710510075747621378e-05
1.666666666666666288e+02 2.222959198419553363e-05
1.777777777777777430e+02 1.955107065054225349e-05
1.888888888888888573e+02 1.435148818047644804e-05
1.999999999999999716e+02 8.620727260594394884e-06
2.111111111111110574e+02 5.124320393392499794e-06
2.222222222222221717e+02 3.431858602515363735e-06
2.333333333333332860e+02 1.737862366354404493e-06
2.444444444444444002e+02 8.586585275701136745e-07
2.555555555555555145e+02 3.641979811280651616e-07
2.666666666666666288e+02 1.105509578123957034e-07
2.777777777777777146e+02 3.868431113868395077e-08
2.888888888888888573e+02 6.245874158744541232e-09
2.999999999999999432e+02 1.051220839410444631e-09
3.111111111111110290e+02 7.380504394211096380e-11
3.222222222222221717e+02 0.000000000000000000e+00
3.333333333333332575e+02 0.000000000000000000e+00
3.444444444444444002e+02 0.000000000000000000e+00
