0.000000000000000000e+00 7.357960562808310716e-08
1.111111111111110894e+01 2.359818191646881040e-05
2.222222222222221788e+01 1.360889374719925608e-04
3.333333333333332860e+01 1.867796795714074022e-04
4.444444444444443576e+01 2.236616778338791124e-04
5.555555555555554292e+01 1.961141227371039544e-04
6.666666666666665719e+01 1.518096807138554914e-04
7.777777777777775725e+01 1.274170794323566645e-04
8.888888888888887152e+01 1.077341375963584427e-04
9.999999999999998579e+01 1.137363551844871516e-04
1.111111111111110858e+02 8.821419359886319741e-05
1.222222222222222001e+02 7.490213014104921835e-05
1.333333333333333144e+02 6.947107995700214607e-05
1.444444444444444287e+02 6.464499928188022443e-05
1.555555555555555145e+02 5.581900703369879367e-05
1.666666666666666288e+02 4.522523611292791017e-05
1.777777777777777430e+02 3.971435438218755547e-05
1.888888888888888573e+02 2.815923436156066479e-05
1.999999999999999716e+02 1.697703475299220180e-05
2.111111111111110574e+02 1.040745703676617718e-05
2.222222222222221717e+02 6.318392196871604102e-06
2.333333333333332860e+02 3.286117590143587582e-06
2.444444444444444002e+02 1.745555362756429994e-06
2.555555555555555145e+02 7.425789793344043443e-07
2.666666666666666288e+02 2.003723993642757377e-07
2.777777777777777146e+02 5.831654887520781099e-08
2.888888888888888573e+02 6.886967920600628342e-09
2.999999999999999432e+02 2.597073890968450826e-09
3.111111111111110290e+02 6.403584415167249404e-11
3.222222222222221717e+02 0.000000000000000000e+00
3.333333333333332575e+02 0.000000000000000000e+00
3.444444444444444002e+02 0.000000000000000000e+00
