0.000000000000000000e+00 3.744539017427773767e-08
1.111111111111110894e+01 2.873009432017574171e-05
2.222222222222221788e+01 1.054893406069891930e-04
3.333333333333332860e+01 7.842745894559814549e-05
4.444444444444443576e+01 8.661795786101739224e-05
5.555555555555554292e+01 8.318927819696004915e-05
6.666666666666665719e+01 5.924902754007413836e-05
7.777777777777775725e+01 5.604213052144643047e-05
8.888888888888887152e+01 4.335326150483445932e-05
9.999999999999998579e+01 4.493564105860492486e-05
1.111111111111110858e+02 3.613946931546791109e-05
1.222222222222222001e+02 2.995545234344537520e-05
1.333333333333333144e+02 3.008814116926150926e-05
1.444444444444444287e+02 2.668025337019811868e-05
1.555555555555555145e+02 2.443981501272902179e-05
1.666666666666666288e+02 2.004153178552673325e-05
1.777777777777777430e+02 2.162593887415614809e-05
1.888888888888888573e+02 1.919007475910804064e-05
1.999999999999999716e+02 1.800838100612576592e-05
2.111111111111110574e+02 1.556215023932206593e-05
2.222222222222221717e+02 1.523646254254251402e-05
2.333333333333332860e+02 1.484674711126721516e-05
2.444444444444444002e+02 1.334412021751075729e-05
2.555555555555555145e+02 1.236285714938317666e-05
2.666666666666666288e+02 1.187812024943622950e-05
2.777777777777777146e+02 1.158000639357090856e-05
2.888888888888888573e+02 1.057382112985521209e-05
2.999999999999999432e+02 9.609377820090232161e-06
3.111111111111110290e+02 9.177591947177603885e-06
3.222222222222221717e+02 8.674587625225543093e-06
3.333333333333332575e+02 8.005980550852391327e-06
3.444444444444444002e+02 7.214840491391352481e-06
3.555555555555554861e+02 3.674723606987825093e-06
3.666666666666665719e+02 8.810429672539943927e-07
3.777777777777777146e+02 4.326867111062941901e-07
3.888888888888888005e+02 2.678062421293477416e-07
3.999999999999999432e+02 1.860724866608813002e-07
4.111111111111110290e+02 1.248160786553360398e-07
4.222222222222221149e+02 8.914581103652273617e-08
4.333333333333332575e+02 5.819444458374589860e-08
4.444444444444443434e+02 4.194304073355810055e-08
4.555555555555554861e+02 2.698072088431598117e-08
4.666666666666665719e+02 1.587506307791735159e-08
4.777777777777776578e+02 8.403215754195489174e-09
4.888888888888888005e+02 3.617047832432476054e-09
4.999999999999998863e+02 1.228500854272552999e-09
5.111111111111110290e+02 3.272121769182930733e-10
5.222222222222221717e+02 1.485801733934522408e-10
5.333333333333332575e+02 7.088437742914337460e-11
5.444444444444443434e+02 3.460895328739952275e-11
5.555555555555554292e+02 1.825374566402522590e-11
5.666666666666665151e+02 7.419419658789428636e-12
5.777777777777777146e+02 2.968213239589116715e-12
5.888888888888888005e+02 1.740462782048936542e-12
5.999999999999998863e+02 4.459909829723254538e-13
6.111111111111109722e+02 5.690832120487598705e-14
6.222222222222220580e+02 0.000000000000000000e+00
6.333333333333332575e+02 0.000000000000000000e+00
6.444444444444443434e+02 0.000000000000000000e+00
6.555555555555554292e+02 0.000000000000000000e+00
6.666666666666665151e+02 0.000000000000000000e+00
6.777777777777776009e+02 0.000000000000000000e+00
6.888888888888888005e+02 0.000000000000000000e+00
6.999999999999998863e+02 0.000000000000000000e+00
