0.000000000000000000e+00 3.793504150629381235e-08
1.111111111111110894e+01 3.435649968584661543e-05
2.222222222222221788e+01 1.587883965751977686e-04
3.333333333333332860e+01 1.356730510460626949e-04
4.444444444444443576e+01 1.722719279987012034e-04
5.555555555555554292e+01 1.664596107192927777e-04
6.666666666666665719e+01 1.217585444361786982e-04
7.777777777777775725e+01 1.184840222829365222e-04
8.888888888888887152e+01 9.077757273589395054e-05
9.999999999999998579e+01 9.027734210338327688e-05
1.111111111111110858e+02 6.991327028629884196e-05
1.222222222222222001e+02 5.707876038790881144e-05
1.333333333333333144e+02 5.765183291615729019e-05
1.444444444444444287e+02 5.221952599314765405e-05
1.555555555555555145e+02 4.872435539402295663e-05
1.666666666666666288e+02 4.060787000995234495e-05
1.777777777777777430e+02 4.432951839967186488e-05
1.888888888888888573e+02 3.967313766589106790e-05
1.999999999999999716e+02 3.757323434579677008e-05
2.111111111111110574e+02 3.286757701376758606e-05
2.222222222222221717e+02 3.269423535526220489e-05
2.333333333333332860e+02 3.247361151261876655e-05
2.444444444444444002e+02 2.984080987972431796e-05
2.555555555555555145e+02 2.819939526199152175e-05
2.666666666666666288e+02 2.774230678768937520e-05
2.777777777777777146e+02 2.759444890116483331e-05
2.888888888888888573e+02 2.569541706253497662e-05
2.999999999999999432e+02 2.374971539852007227e-05
3.111111111111110290e+02 2.297198676427093141e-05
3.222222222222221717e+02 2.195319711922144275e-05
3.333333333333332575e+02 2.038150982244267198e-05
3.444444444444444002e+02 1.849098925981155049e-05
3.555555555555554861e+02 9.295697322766146407e-06
3.666666666666665719e+02 2.149165292228398188e-06
3.777777777777777146e+02 1.047469124930399989e-06
3.888888888888888005e+02 6.493794752608503178e-07
3.999999999999999432e+02 4.552414143362462318e-07
4.111111111111110290e+02 3.078211260069919074e-07
4.222222222222221149e+02 2.217461814965320113e-07
4.333333333333332575e+02 1.460572172274563135e-07
4.444444444444443434e+02 1.059902552765523894e-07
4.555555555555554861e+02 6.848650545718555761e-08
4.666666666666665719e+02 4.031911805655784223e-08
4.777777777777776578e+02 2.125606828034598564e-08
4.888888888888888005e+02 9.087103452132549007e-09
4.999999999999998863e+02 3.011753822845097358e-09
5.111111111111110290e+02 7.925152153231345432e-10
5.222222222222221717e+02 3.625190416661153782e-10
5.333333333333332575e+02 1.738845670689256820e-10
5.444444444444443434e+02 8.468951908897528902e-11
5.555555555555554292e+02 4.431343956535031050e-11
5.666666666666665151e+02 1.777854273860441038e-11
5.777777777777777146e+02 6.977741348239613935e-12
5.888888888888888005e+02 3.987998807395962095e-12
5.999999999999998863e+02 9.980452256015287742e-13
6.111111111111109722e+02 1.242750867079741779e-13
6.222222222222220580e+02 0.000000000000000000e+00
6.333333333333332575e+02 0.000000000000000000e+00
6.444444444444443434e+02 0.000000000000000000e+00
6.555555555555554292e+02 0.000000000000000000e+00
6.666666666666665151e+02 0.000000000000000000e+00
6.777777777777776009e+02 0.000000000000000000e+00
6.888888888888888005e+02 0.000000000000000000e+00
6.999999999999998863e+02 0.000000000000000000e+00
