0.000000000000000000e+00 5.074246563163148741e-08
1.111111111111110894e+01 5.103478910024489707e-05
2.222222222222221788e+01 1.902081048157850719e-04
3.333333333333332860e+01 3.123158167079893442e-04
4.444444444444443576e+01 4.452554460145648316e-04
5.555555555555554292e+01 4.599753288688268106e-04
6.666666666666665719e+01 3.538046377354388825e-04
7.777777777777775725e+01 3.490684761830941080e-04
8.888888888888887152e+01 2.767650904558791123e-04
9.999999999999998579e+01 3.024271253868868236e-04
1.111111111111110858e+02 2.403374368051411564e-04
1.222222222222222001e+02 2.164552779722300594e-04
1.333333333333333144e+02 1.905001352361377406e-04
1.444444444444444287e+02 1.902975565265945001e-04
1.555555555555555145e+02 1.607889198533098477e-04
1.666666666666666288e+02 1.351214993684526043e-04
1.777777777777777430e+02 7.623395881706526787e-05
1.888888888888888573e+02 1.639977657726596680e-05
1.999999999999999716e+02 6.074119264667996018e-06
2.111111111111110574e+02 2.855749057327368075e-06
2.222222222222221717e+02 1.409153905328593057e-06
2.333333333333332860e+02 5.961183266912725708e-07
2.444444444444444002e+02 1.570571191909254975e-07
2.555555555555555145e+02 2.640503239758652944e-08
2.666666666666666288e+02 4.168684629442757237e-09
2.777777777777777146e+02 7.635948043950946552e-10
2.888888888888888573e+02 1.354192249407901479e-10
2.999999999999999432e+02 2.938986003480848208e-11
3.111111111111110290e+02 1.851573788720094353e-12
3.222222222222221717e+02 0.000000000000000000e+00
3.333333333333332575e+02 0.000000000000000000e+00
3.444444444444444002e+02 0.000000000000000000e+00
